2.0000 0.0000
1.9965 -1.1038
1.9873 -1.9180
1.9739 -2.5202
1.9574 -2.9692
1.9385 -3.3082
1.9178 -3.5685
1.8958 -3.7727
1.8727 -3.9370
1.8486 -4.0731
1.8238 -4.1894
1.7984 -4.2920
1.7723 -4.3852
1.7458 -4.4725
1.7187 -4.5562
1.6911 -4.6382
1.6630 -4.7201
1.6344 -4.8029
1.6054 -4.8877
1.5758 -4.9753
1.5457 -5.0664
1.5150 -5.1617
1.4837 -5.2620
1.4518 -5.3679
1.4193 -5.4802
1.3860 -5.5994
1.3521 -5.7266
1.3173 -5.8625
1.2817 -6.0081
1.2452 -6.1644
1.2077 -6.3327
1.1692 -6.5143
1.1295 -6.7105
1.0886 -6.9232
1.0464 -7.1541
1.0027 -7.4053
0.9575 -7.6792
0.9105 -7.9784
0.8617 -8.3058
0.8108 -8.6646
0.7576 -9.0584
0.7020 -9.4909
0.6437 -9.9663
0.5823 -10.4886
0.5177 -11.0620
0.4495 -11.6903
0.3773 -12.3763
0.3008 -13.1216
0.2197 -13.9251
0.1336 -14.7821
0.0422 -15.6827
-0.0546 -16.6093
-0.1571 -17.5351
-0.2650 -18.4214
-0.3779 -19.2172
-0.4953 -19.8593
-0.6158 -20.2763
-0.7380 -20.3963
-0.8598 -20.1580
-0.9791 -19.5239
-1.0933 -18.4922
-1.2003 -17.1025
-1.2980 -15.4317
-1.3851 -13.5827
-1.4608 -11.6658
-1.5252 -9.7823
-1.5785 -8.0121
-1.6216 -6.4081
-1.6557 -4.9976
-1.6820 -3.7867
-1.7016 -2.7666
-1.7155 -1.9197
-1.7249 -1.2241
-1.7305 -0.6573
-1.7330 -0.1976
-1.7330 0.1742
-1.7311 0.4749
-1.7275 0.7183
-1.7225 0.9160
-1.7165 1.0774
-1.7097 1.2101
-1.7021 1.3202
-1.6939 1.4124
-1.6851 1.4905
-1.6760 1.5577
-1.6665 1.6164
-1.6566 1.6683
-1.6465 1.7152
-1.6360 1.7580
-1.6254 1.7979
-1.6145 1.8356
-1.6033 1.8718
-1.5920 1.9068
-1.5805 1.9411
-1.5687 1.9752
-1.5568 2.0092
-1.5446 2.0433
-1.5322 2.0779
-1.5197 2.1131
-1.5069 2.1490
-1.4939 2.1857
-1.4806 2.2235
-1.4672 2.2625
-1.4535 2.3027
-1.4396 2.3443
-1.4254 2.3875
-1.4109 2.4322
-1.3962 2.4788
-1.3812 2.5273
-1.3658 2.5778
-1.3502 2.6305
-1.3343 2.6856
-1.3180 2.7433
-1.3013 2.8037
-1.2843 2.8671
-1.2669 2.9336
-1.2491 3.0035
-1.2309 3.0771
-1.2122 3.1547
-1.1930 3.2366
-1.1733 3.3231
-1.1531 3.4146
-1.1324 3.5116
-1.1110 3.6145
-1.0890 3.7238
-1.0663 3.8402
-1.0429 3.9642
-1.0187 4.0965
-0.9937 4.2380
-0.9678 4.3895
-0.9410 4.5519
-0.9132 4.7264
-0.8843 4.9141
-0.8542 5.1164
-0.8228 5.3346
-0.7901 5.5705
-0.7559 5.8259
-0.7202 6.1026
-0.6827 6.4028
-0.6433 6.7289
-0.6019 7.0832
-0.5582 7.4685
-0.5122 7.8873
-0.4635 8.3423
-0.4120 8.8359
-0.3574 9.3703
-0.2995 9.9469
-0.2379 10.5658
-0.1726 11.2258
-0.1032 11.9231
-0.0294 12.6503
0.0487 13.3961
0.1313 14.1432
0.2184 14.8676
0.3096 15.5380
0.4046 16.1156
0.5027 16.5553
0.6029 16.8087
0.7040 16.8292
0.8043 16.5783
0.9023 16.0331
0.9961 15.1921
1.0841 14.0785
1.1646 12.7385
1.2366 11.2357
1.2993 9.6420
1.3523 8.0280
1.3957 6.4549
1.4299 4.9696
1.4556 3.6032
1.4734 2.3720
1.4843 1.2803
1.4890 0.3234
1.4884 -0.5087
1.4832 -1.2292
1.4739 -1.8524
1.4611 -2.3926
1.4453 -2.8631
1.4269 -3.2759
1.4061 -3.6416
1.3832 -3.9695
1.3585 -4.2675
1.3321 -4.5424
1.3040 -4.8001
1.2745 -5.0456
1.2435 -5.2833
1.2111 -5.5171
1.1773 -5.7504
1.1421 -5.9866
1.1055 -6.2286
1.0673 -6.4794
1.0277 -6.7417
0.9864 -7.0186
0.9434 -7.3129
0.8986 -7.6279
0.8518 -7.9667
0.8030 -8.3329
0.7518 -8.7303
0.6981 -9.1626
0.6417 -9.6342
0.5824 -10.1490
0.5199 -10.7114
0.4538 -11.3252
0.3839 -11.9933
0.3097 -12.7177
0.2311 -13.4980
0.1477 -14.3307
0.0591 -15.2073
-0.0349 -16.1129
-0.1343 -17.0239
-0.2391 -17.9063
-0.3490 -18.7141
-0.4634 -19.3894
-0.5813 -19.8656
-0.7013 -20.0729
-0.8215 -19.9486
-0.9399 -19.4490
-1.0541 -18.5611
-1.1619 -17.3106
-1.2612 -15.7606
-1.3506 -14.0031
-1.4291 -12.1433
-1.4963 -10.2830
-1.5526 -8.5069
-1.5987 -6.8752
-1.6355 -5.4230
-1.6642 -4.1632
-1.6858 -3.0925
-1.7016 -2.1968
-1.7125 -1.4565
-1.7194 -0.8499
-1.7229 -0.3557
-1.7238 0.0454
-1.7225 0.3707
-1.7195 0.6346
-1.7150 0.8493
-1.7094 1.0248
-1.7028 1.1690
-1.6954 1.2885
-1.6874 1.3885
-1.6788 1.4731
-1.6697 1.5456
-1.6602 1.6086
-1.6504 1.6642
-1.6403 1.7141
-1.6299 1.7596
-1.6192 1.8017
-1.6082 1.8414
-1.5971 1.8791
-1.5857 1.9156
-1.5741 1.9513
-1.5623 1.9865
-1.5503 2.0216
-1.5380 2.0568
-1.5256 2.0924
-1.5129 2.1285
-1.5000 2.1653
-1.4869 2.2030
-1.4736 2.2417
-1.4600 2.2816
-1.4462 2.3228
-1.4321 2.3653
-1.4178 2.4095
-1.4032 2.4553
-1.3884 2.5030
-1.3732 2.5526
-1.3577 2.6043
-1.3419 2.6584
-1.3258 2.7149
-1.3093 2.7740
-1.2925 2.8359
-1.2753 2.9009
-1.2577 2.9692
-1.2397 3.0411
-1.2212 3.1167
-1.2023 3.1965
-1.1828 3.2808
-1.1629 3.3699
-1.1424 3.4642
-1.1213 3.5642
-1.0996 3.6704
-1.0772 3.7833
-1.0542 3.9036
-1.0304 4.0318
-1.0058 4.1688
-0.9803 4.3154
-0.9540 4.4724
-0.9266 4.6410
-0.8983 4.8222
-0.8688 5.0173
-0.8380 5.2277
-0.8060 5.4550
-0.7725 5.7007
-0.7375 5.9669
-0.7009 6.2556
-0.6624 6.5690
-0.6220 6.9094
-0.5795 7.2795
-0.5346 7.6819
-0.4872 8.1192
-0.4371 8.5940
-0.3840 9.1086
-0.3277 9.6648
-0.2679 10.2635
-0.2044 10.9041
-0.1370 11.5841
-0.0654 12.2981
0.0106 13.0367
0.0911 13.7857
0.1760 14.5244
0.2653 15.2252
0.3586 15.8526
0.4553 16.3644
0.5546 16.7133
0.6554 16.8511
0.7563 16.7344
0.8557 16.3321
0.9517 15.6318
1.0427 14.6446
1.1270 13.4062
1.2032 11.9728
1.2704 10.4137
1.3280 8.8011
1.3760 7.2015
1.4146 5.6693
1.4443 4.2429
1.4658 2.9456
1.4799 1.7870
1.4875 0.7664
1.4893 -0.1241
1.4862 -0.8964
1.4788 -1.5645
1.4676 -2.1428
1.4532 -2.6452
1.4360 -3.0843
1.4163 -3.4713
1.3944 -3.8163
1.3706 -4.1278
1.3450 -4.4130
1.3177 -4.6782
1.2889 -4.9290
1.2586 -5.1699
1.2268 -5.4051
1.1937 -5.6383
1.1592 -5.8727
1.1232 -6.1116
1.0858 -6.3578
1.0469 -6.6142
1.0064 -6.8837
0.9643 -7.1693
0.9203 -7.4739
0.8745 -7.8009
0.8267 -8.1535
0.7766 -8.5354
0.7242 -8.9505
0.6692 -9.4027
0.6113 -9.8962
0.5503 -10.4353
0.4860 -11.0240
0.4179 -11.6657
0.3459 -12.3630
0.2694 -13.1167
0.1883 -13.9249
0.1023 -14.7818
0.0109 -15.6759
-0.0859 -16.5879
-0.1881 -17.4890
-0.2957 -18.3391
-0.4080 -19.0859
-0.5244 -19.6663
-0.6435 -20.0112
-0.7639 -20.0530
-0.8834 -19.7373
-1.0000 -19.0350
-1.1111 -17.9529
-1.2147 -16.5365
-1.3090 -14.8659
-1.3928 -13.0420
-1.4654 -11.1701
-1.5269 -9.3444
-1.5778 -7.6375
-1.6189 -6.0963
-1.6513 -4.7437
-1.6762 -3.5835
-1.6947 -2.6060
-1.7078 -1.7938
-1.7165 -1.1257
-1.7216 -0.5801
-1.7237 -0.1366
-1.7234 0.2231
-1.7212 0.5148
-1.7173 0.7517
-1.7122 0.9449
-1.7061 1.1032
-1.6990 1.2339
-1.6913 1.3427
-1.6830 1.4342
-1.6741 1.5121
-1.6648 1.5794
-1.6552 1.6384
-1.6452 1.6908
-1.6349 1.7383
-1.6243 1.7819
-1.6135 1.8226
-1.6025 1.8612
-1.5912 1.8982
-1.5797 1.9343
-1.5680 1.9697
-1.5561 2.0048
-1.5439 2.0399
-1.5316 2.0753
-1.5190 2.1111
-1.5062 2.1475
-1.4932 2.1848
-1.4800 2.2230
-1.4666 2.2623
-1.4529 2.3028
-1.4389 2.3447
-1.4247 2.3881
-1.4103 2.4331
-1.3955 2.4799
-1.3805 2.5285
-1.3652 2.5792
-1.3496 2.6321
-1.3336 2.6874
-1.3173 2.7453
-1.3006 2.8058
-1.2836 2.8693
-1.2662 2.9360
-1.2484 3.0061
-1.2301 3.0799
-1.2114 3.1577
-1.1922 3.2398
-1.1725 3.3265
-1.1523 3.4183
-1.1315 3.5155
-1.1101 3.6186
-1.0881 3.7283
-1.0653 3.8449
-1.0419 3.9692
-1.0177 4.1019
-0.9927 4.2438
-0.9668 4.3957
-0.9399 4.5586
-0.9120 4.7336
-0.8831 4.9219
-0.8529 5.1247
-0.8215 5.3437
-0.7888 5.5803
-0.7545 5.8365
-0.7187 6.1141
-0.6811 6.4153
-0.6417 6.7425
-0.6001 7.0980
-0.5564 7.4846
-0.5103 7.9048
-0.4615 8.3613
-0.4099 8.8565
-0.3551 9.3926
-0.2971 9.9708
-0.2354 10.5915
-0.1699 11.2531
-0.1003 11.9517
-0.0264 12.6799
0.0519 13.4261
0.1347 14.1728
0.2219 14.8957
0.3134 15.5632
0.4085 16.1361
0.5067 16.5693
0.6070 16.8142
0.7080 16.8245
0.8083 16.5621
0.9062 16.0050
0.9998 15.1524
1.0874 14.0287
1.1677 12.6809
1.2393 11.1731
1.3016 9.5773
1.3542 7.9638
1.3972 6.3934
1.4311 4.9124
1.4564 3.5512
1.4740 2.3256
1.4846 1.2394
1.4891 0.2878
1.4883 -0.5396
1.4829 -1.2559
1.4734 -1.8756
1.4605 -2.4127
1.4446 -2.8807
1.4261 -3.2914
1.4052 -3.6554
1.3823 -3.9820
1.3575 -4.2789
1.3310 -4.5530
1.3029 -4.8101
1.2733 -5.0552
1.2422 -5.2927
1.2098 -5.5264
1.1759 -5.7598
