0.0000 2.0000
0.0060 1.9906
0.0120 1.9658
0.0180 1.9297
0.0240 1.8850
0.0300 1.8338
0.0360 1.7773
0.0420 1.7164
0.0480 1.6516
0.0540 1.5833
0.0600 1.5114
0.0660 1.4360
0.0720 1.3571
0.0780 1.2743
0.0840 1.1875
0.0900 1.0962
0.0960 0.9999
0.1020 0.8982
0.1080 0.7905
0.1140 0.6761
0.1200 0.5542
0.1260 0.4242
0.1320 0.2853
0.1380 0.1372
0.1440 -0.0205
0.1500 -0.1873
0.1560 -0.3621
0.1620 -0.5425
0.1680 -0.7251
0.1740 -0.9052
0.1800 -1.0772
0.1860 -1.2355
0.1920 -1.3755
0.1980 -1.4941
0.2040 -1.5900
0.2100 -1.6639
0.2160 -1.7179
0.2220 -1.7545
0.2280 -1.7766
0.2340 -1.7870
0.2400 -1.7879
0.2460 -1.7813
0.2520 -1.7687
0.2580 -1.7514
0.2640 -1.7301
0.2700 -1.7057
0.2760 -1.6785
0.2820 -1.6490
0.2880 -1.6174
0.2940 -1.5837
0.3000 -1.5483
0.3060 -1.5110
0.3120 -1.4719
0.3180 -1.4309
0.3240 -1.3881
0.3300 -1.3432
0.3360 -1.2962
0.3420 -1.2470
0.3480 -1.1953
0.3540 -1.1410
0.3600 -1.0838
0.3660 -1.0235
0.3720 -0.9597
0.3780 -0.8922
0.3840 -0.8204
0.3900 -0.7441
0.3960 -0.6627
0.4020 -0.5758
0.4080 -0.4828
0.4140 -0.3832
0.4200 -0.2765
0.4260 -0.1625
0.4320 -0.0408
0.4380 0.0882
0.4440 0.2242
0.4500 0.3658
0.4560 0.5111
0.4620 0.6574
0.4680 0.8010
0.4740 0.9379
0.4800 1.0639
0.4860 1.1755
0.4920 1.2698
0.4980 1.3452
0.5040 1.4014
0.5100 1.4390
0.5160 1.4594
0.5220 1.4644
0.5280 1.4559
0.5340 1.4357
0.5400 1.4052
0.5460 1.3658
0.5520 1.3186
0.5580 1.2642
0.5640 1.2034
0.5700 1.1364
0.5760 1.0634
0.5820 0.9844
0.5880 0.8994
0.5940 0.8081
0.6000 0.7101
0.6060 0.6052
0.6120 0.4927
0.6180 0.3721
0.6240 0.2432
0.6300 0.1055
0.6360 -0.0410
0.6420 -0.1958
0.6480 -0.3578
0.6540 -0.5250
0.6600 -0.6943
0.6660 -0.8618
0.6720 -1.0227
0.6780 -1.1723
0.6840 -1.3063
0.6900 -1.4216
0.6960 -1.5167
0.7020 -1.5918
0.7080 -1.6481
0.7140 -1.6877
0.7200 -1.7130
0.7260 -1.7263
0.7320 -1.7299
0.7380 -1.7255
0.7440 -1.7147
0.7500 -1.6987
0.7560 -1.6784
0.7620 -1.6545
0.7680 -1.6275
0.7740 -1.5979
0.7800 -1.5658
0.7860 -1.5316
0.7920 -1.4952
0.7980 -1.4568
0.8040 -1.4164
0.8100 -1.3739
0.8160 -1.3292
0.8220 -1.2824
0.8280 -1.2331
0.8340 -1.1813
0.8400 -1.1268
0.8460 -1.0693
0.8520 -1.0086
0.8580 -0.9443
0.8640 -0.8761
0.8700 -0.8037
0.8760 -0.7266
0.8820 -0.6444
0.8880 -0.5564
0.8940 -0.4623
0.9000 -0.3616
0.9060 -0.2537
0.9120 -0.1383
0.9180 -0.0154
0.9240 0.1149
0.9300 0.2519
0.9360 0.3942
0.9420 0.5397
0.9480 0.6854
0.9540 0.8278
0.9600 0.9627
0.9660 1.0860
0.9720 1.1942
0.9780 1.2848
0.9840 1.3563
0.9900 1.4088
0.9960 1.4429
1.0020 1.4602
1.0080 1.4625
1.0140 1.4516
1.0200 1.4293
1.0260 1.3970
1.0320 1.3561
1.0380 1.3075
1.0440 1.2519
1.0500 1.1898
1.0560 1.1216
1.0620 1.0475
1.0680 0.9674
1.0740 0.8812
1.0800 0.7886
1.0860 0.6893
1.0920 0.5829
1.0980 0.4689
1.1040 0.3468
1.1100 0.2161
1.1160 0.0767
1.1220 -0.0715
1.1280 -0.2278
1.1340 -0.3909
1.1400 -0.5588
1.1460 -0.7280
1.1520 -0.8945
1.1580 -1.0535
1.1640 -1.2002
1.1700 -1.3306
1.1760 -1.4419
1.1820 -1.5330
1.1880 -1.6042
1.1940 -1.6570
1.2000 -1.6935
1.2060 -1.7163
1.2120 -1.7275
1.2180 -1.7293
1.2240 -1.7236
1.2300 -1.7116
1.2360 -1.6947
1.2420 -1.6736
1.2480 -1.6491
1.2540 -1.6215
1.2600 -1.5914
1.2660 -1.5589
1.2720 -1.5242
1.2780 -1.4875
1.2840 -1.4486
1.2900 -1.4078
1.2960 -1.3649
1.3020 -1.3198
1.3080 -1.2724
1.3140 -1.2226
1.3200 -1.1703
1.3260 -1.1152
1.3320 -1.0570
1.3380 -0.9956
1.3440 -0.9306
1.3500 -0.8616
1.3560 -0.7883
1.3620 -0.7101
1.3680 -0.6267
1.3740 -0.5376
1.3800 -0.4422
1.3860 -0.3400
1.3920 -0.2305
1.3980 -0.1136
1.4040 0.0109
1.4100 0.1426
1.4160 0.2808
1.4220 0.4239
1.4280 0.5697
1.4340 0.7151
1.4400 0.8563
1.4460 0.9891
1.4520 1.1096
1.4580 1.2143
1.4640 1.3010
1.4700 1.3686
1.4760 1.4172
1.4820 1.4478
1.4880 1.4618
1.4940 1.4613
1.5000 1.4479
1.5060 1.4234
1.5120 1.3893
1.5180 1.3467
1.5240 1.2966
1.5300 1.2396
1.5360 1.1763
1.5420 1.1069
1.5480 1.0315
1.5540 0.9502
1.5600 0.8627
1.5660 0.7687
1.5720 0.6680
1.5780 0.5601
1.5840 0.4445
1.5900 0.3206
1.5960 0.1882
1.6020 0.0469
1.6080 -0.1030
1.6140 -0.2608
1.6200 -0.4252
1.6260 -0.5936
1.6320 -0.7626
1.6380 -0.9280
1.6440 -1.0848
1.6500 -1.2285
1.6560 -1.3551
1.6620 -1.4623
1.6680 -1.5492
1.6740 -1.6165
1.6800 -1.6657
1.6860 -1.6993
1.6920 -1.7194
1.6980 -1.7286
1.7040 -1.7287
1.7100 -1.7216
1.7160 -1.7085
1.7220 -1.6907
1.7280 -1.6688
1.7340 -1.6436
1.7400 -1.6155
1.7460 -1.5849
1.7520 -1.5519
1.7580 -1.5168
1.7640 -1.4796
1.7700 -1.4404
1.7760 -1.3991
1.7820 -1.3558
1.7880 -1.3102
1.7940 -1.2624
1.8000 -1.2121
1.8060 -1.1592
1.8120 -1.1035
1.8180 -1.0447
1.8240 -0.9825
1.8300 -0.9167
1.8360 -0.8469
1.8420 -0.7726
1.8480 -0.6934
1.8540 -0.6089
1.8600 -0.5185
1.8660 -0.4217
1.8720 -0.3180
1.8780 -0.2071
1.8840 -0.0886
1.8900 0.0374
1.8960 0.1705
1.9020 0.3099
1.9080 0.4538
1.9140 0.5998
1.9200 0.7446
1.9260 0.8844
1.9320 1.0150
1.9380 1.1325
1.9440 1.2337
1.9500 1.3165
1.9560 1.3802
1.9620 1.4249
1.9680 1.4519
1.9740 1.4628
1.9800 1.4595
1.9860 1.4437
1.9920 1.4171
1.9980 1.3812
2.0040 1.3370
2.0100 1.2854
2.0160 1.2271
2.0220 1.1625
2.0280 1.0919
2.0340 1.0153
2.0400 0.9327
2.0460 0.8439
2.0520 0.7486
2.0580 0.6464
2.0640 0.5370
2.0700 0.4197
2.0760 0.2941
2.0820 0.1598
2.0880 0.0168
2.0940 -0.1348
2.1000 -0.2942
2.1060 -0.4596
2.1120 -0.6284
2.1180 -0.7971
2.1240 -0.9611
2.1300 -1.1156
2.1360 -1.2560
2.1420 -1.3788
2.1480 -1.4818
2.1540 -1.5646
2.1600 -1.6280
2.1660 -1.6738
2.1720 -1.7044
2.1780 -1.7221
2.1840 -1.7293
2.1900 -1.7278
2.1960 -1.7193
2.2020 -1.7052
2.2080 -1.6865
2.2140 -1.6639
2.2200 -1.6381
2.2260 -1.6094
2.2320 -1.5783
2.2380 -1.5449
2.2440 -1.5093
2.2500 -1.4717
2.2560 -1.4321
2.2620 -1.3904
2.2680 -1.3466
2.2740 -1.3006
2.2800 -1.2522
2.2860 -1.2014
2.2920 -1.1480
2.2980 -1.0916
2.3040 -1.0322
2.3100 -0.9693
2.3160 -0.9027
2.3220 -0.8320
2.3280 -0.7567
2.3340 -0.6765
2.3400 -0.5908
2.3460 -0.4991
2.3520 -0.4010
2.3580 -0.2958
2.3640 -0.1834
2.3700 -0.0633
2.3760 0.0642
2.3820 0.1988
2.3880 0.3392
2.3940 0.4838
2.4000 0.6298
2.4060 0.7739
2.4120 0.9122
2.4180 1.0404
2.4240 1.1547
2.4300 1.2523
2.4360 1.3312
2.4420 1.3909
2.4480 1.4319
2.4540 1.4554
2.4600 1.4633
2.4660 1.4572
2.4720 1.4391
2.4780 1.4105
2.4840 1.3727
2.4900 1.3269
2.4960 1.2739
2.5020 1.2143
2.5080 1.1484
2.5140 1.0766
2.5200 0.9988
2.5260 0.9149
2.5320 0.8248
2.5380 0.7282
2.5440 0.6245
2.5500 0.5135
2.5560 0.3945
2.5620 0.2672
2.5680 0.1311
2.5740 -0.0137
2.5800 -0.1670
2.5860 -0.3278
2.5920 -0.4941
2.5980 -0.6633
2.6040 -0.8314
2.6100 -0.9938
2.6160 -1.1458
2.6220 -1.2828
2.6280 -1.4017
2.6340 -1.5005
2.6400 -1.5792
2.6460 -1.6388
2.6520 -1.6813
2.6580 -1.7090
2.6640 -1.7244
2.6700 -1.7296
2.6760 -1.7266
2.6820 -1.7169
2.6880 -1.7017
2.6940 -1.6821
2.7000 -1.6588
2.7060 -1.6324
2.7120 -1.6032
2.7180 -1.5716
2.7240 -1.5378
2.7300 -1.5018
2.7360 -1.4637
2.7420 -1.4237
2.7480 -1.3815
2.7540 -1.3373
2.7600 -1.2908
2.7660 -1.2420
2.7720 -1.1907
2.7780 -1.1366
2.7840 -1.0797
2.7900 -1.0195
2.7960 -0.9559
2.8020 -0.8885
2.8080 -0.8169
2.8140 -0.7406
2.8200 -0.6593
2.8260 -0.5724
2.8320 -0.4795
2.8380 -0.3799
2.8440 -0.2733
2.8500 -0.1593
2.8560 -0.0377
2.8620 0.0913
2.8680 0.2272
2.8740 0.3687
2.8800 0.5138
2.8860 0.6597
2.8920 0.8030
2.8980 0.9395
2.9040 1.0651
2.9100 1.1762
2.9160 1.2701
2.9220 1.3450
2.9280 1.4008
2.9340 1.4381
2.9400 1.4583
2.9460 1.4631
2.9520 1.4544
2.9580 1.4340
2.9640 1.4034
2.9700 1.3639
2.9760 1.3166
2.9820 1.2622
2.9880 1.2012
2.9940 1.1341
3.0000 1.0611
